1280 4096
1280 4112
1280 4128
1280 4144
1280 4160
1280 4176
1280 4192
1280 4208
1280 4224
1280 4240
1280 4256
1280 4272
1280 4288
1280 4304
1280 4320
1280 4336
1280 4352
1280 4368
1280 4384
1280 4400
1280 4416
1280 4432
1280 4448
1280 4464
1280 4480
1280 4496
1280 4512
1280 4528
1280 4544
1280 4560
1280 4576
1280 4592
1280 4608
1280 4624
1280 4640
1280 4656
1280 4672
1280 4688
1280 4704
1280 4720
1280 4736
1280 4752
1280 4768
1280 4784
1280 4800
1280 4816
1280 4832
1280 4848
1280 4864
1280 4880
1280 4896
1280 4912
1280 4928
1280 4944
1280 4960
1280 4976
1280 4992
1280 5008
1280 5024
1280 5040
1280 5056
1280 5072
1280 5088
1280 5104
1280 5120
1280 5136
1280 5152
1280 5168
1280 5184
1280 5200
1280 5216
1280 5232
1280 5248
1280 5264
1280 5280
1280 5296
1280 5312
1280 5328
1280 5344
1280 5360
1280 5376
1280 5392
1280 5408
1280 5424
1280 5440
1280 5456
1280 5472
1280 5488
1280 5504
1280 5520
1280 5536
1280 5552
1280 5568
1280 5584
1280 5600
1280 5616
1280 5632
1280 5648
1280 5664
1280 5680
1280 5696
1280 5712
1280 5728
1280 5744
1280 5760
1280 5776
1280 5792
1280 5808
1280 5824
1280 5840
1280 5856
1280 5872
1280 5888
1280 5904
1280 5920
1280 5936
1280 5952
1280 5968
1280 5984
1280 6000
1280 6016
1280 6032
1280 6048
1280 6064
1280 6080
1280 6096
1280 6112
1280 6128
1312 4880
1312 4896
1312 4912
1312 4928
1312 4944
1312 4960
1312 4976
1312 4992
1312 5008
1312 5024
1312 5040
1312 5056
1312 5072
1312 5088
1312 5104
1312 5120
1328 4880
1328 4896
1328 4912
1328 4928
1328 4944
1328 4960
1328 4976
1328 4992
1328 5008
1328 5024
1328 5040
1328 5056
1328 5072
1328 5088
1328 5104
1328 5120
1344 4880
1344 4896
1344 4912
1344 4928
1344 4944
1344 4960
1344 4976
1344 4992
1344 5008
1344 5024
1344 5040
1344 5056
1344 5072
1344 5088
1344 5104
1344 5120
1360 4880
1360 4896
1360 4912
1360 4928
1360 4944
1360 4960
1360 4976
1360 4992
1360 5008
1360 5024
1360 5040
1360 5056
1360 5072
1360 5088
1360 5104
1360 5120
1376 4880
1376 4896
1376 4912
1376 4928
1376 4944
1376 4960
1376 4976
1376 4992
1376 5008
1376 5024
1376 5040
1376 5056
1376 5072
1376 5088
1376 5104
1376 5120
1392 4880
1392 4896
1392 4912
1392 4928
1392 4944
1392 4960
1392 4976
1392 4992
1392 5008
1392 5024
1392 5040
1392 5056
1392 5072
1392 5088
1392 5104
1392 5120
1408 4880
1408 4896
1408 4912
1408 4928
1408 4944
1408 4960
1408 4976
1408 4992
1408 5008
1408 5024
1408 5040
1408 5056
1408 5072
1408 5088
1408 5104
1408 5120
1424 4624
1424 4640
1424 4656
1424 4672
1424 4688
1424 4704
1424 4720
1424 4736
1424 4752
1424 4768
1424 4784
1424 4800
1424 4816
1424 4832
1424 4848
1424 4864
1424 4880
1424 4896
1424 4912
1424 4928
1424 4944
1424 4960
1424 4976
1424 4992
1424 5008
1424 5024
1424 5040
1424 5056
1424 5072
1424 5088
1424 5104
1424 5120
1424 5904
1424 5920
1424 5936
1424 5952
1424 5968
1424 5984
1424 6000
1424 6016
1424 6032
1424 6048
1424 6064
1424 6080
1424 6096
1424 6112
1424 6128
1440 4624
1440 4640
1440 4656
1440 4672
1440 4688
1440 4704
1440 4720
1440 4736
1440 4752
1440 4768
1440 4784
1440 4800
1440 4816
1440 4832
1440 4848
1440 4864
1440 4880
1440 4896
1440 4912
1440 4928
1440 4944
1440 4960
1440 4976
1440 4992
1440 5008
1440 5024
1440 5040
1440 5056
1440 5072
1440 5088
1440 5104
1440 5120
1440 5904
1440 5920
1440 5936
1440 5952
1440 5968
1440 5984
1440 6000
1440 6016
1440 6032
1440 6048
1440 6064
1440 6080
1440 6096
1440 6112
1440 6128
1456 4624
1456 4640
1456 4656
1456 4672
1456 4688
1456 4704
1456 4720
1456 4736
1456 4752
1456 4768
1456 4784
1456 4800
1456 4816
1456 4832
1456 4848
1456 4864
1456 4880
1456 4896
1456 4912
1456 4928
1456 4944
1456 4960
1456 4976
1456 4992
1456 5008
1456 5024
1456 5040
1456 5056
1456 5072
1456 5088
1456 5104
1456 5120
1456 5904
1456 5920
1456 5936
1456 5952
1456 5968
1456 5984
1456 6000
1456 6016
1456 6032
1456 6048
1456 6064
1456 6080
1456 6096
1456 6112
1456 6128
1472 4624
1472 4640
1472 4656
1472 4672
1472 4688
1472 4704
1472 4720
1472 4736
1472 4752
1472 4768
1472 4784
1472 4800
1472 4816
1472 4832
1472 4848
1472 4864
1472 4880
1472 4896
1472 4912
1472 4928
1472 4944
1472 4960
1472 4976
1472 4992
1472 5008
1472 5024
1472 5040
1472 5056
1472 5072
1472 5088
1472 5104
1472 5120
1472 5904
1472 5920
1472 5936
1472 5952
1472 5968
1472 5984
1472 6000
1472 6016
1472 6032
1472 6048
1472 6064
1472 6080
1472 6096
1472 6112
1472 6128
1488 4624
1488 4640
1488 4656
1488 4672
1488 4688
1488 4704
1488 4720
1488 4736
1488 4752
1488 4768
1488 4784
1488 4800
1488 4816
1488 4832
1488 4848
1488 4864
1488 4880
1488 4896
1488 4912
1488 4928
1488 4944
1488 4960
1488 4976
1488 4992
1488 5008
1488 5024
1488 5040
1488 5056
1488 5072
1488 5088
1488 5104
1488 5120
1488 5904
1488 5920
1488 5936
1488 5952
1488 5968
1488 5984
1488 6000
1488 6016
1488 6032
1488 6048
1488 6064
1488 6080
1488 6096
1488 6112
1488 6128
1504 4624
1504 4640
1504 4656
1504 4672
1504 4688
1504 4704
1504 4720
1504 4736
1504 4752
1504 4768
1504 4784
1504 4800
1504 4816
1504 4832
1504 4848
1504 4864
1504 4880
1504 4896
1504 4912
1504 4928
1504 4944
1504 4960
1504 4976
1504 4992
1504 5008
1504 5024
1504 5040
1504 5056
1504 5072
1504 5088
1504 5104
1504 5120
1504 5904
1504 5920
1504 5936
1504 5952
1504 5968
1504 5984
1504 6000
1504 6016
1504 6032
1504 6048
1504 6064
1504 6080
1504 6096
1504 6112
1504 6128
1520 4624
1520 4640
1520 4656
1520 4672
1520 4688
1520 4704
1520 4720
1520 4736
1520 4752
1520 4768
1520 4784
1520 4800
1520 4816
1520 4832
1520 4848
1520 4864
1520 4880
1520 4896
1520 4912
1520 4928
1520 4944
1520 4960
1520 4976
1520 4992
1520 5008
1520 5024
1520 5040
1520 5056
1520 5072
1520 5088
1520 5104
1520 5120
1520 5904
1520 5920
1520 5936
1520 5952
1520 5968
1520 5984
1520 6000
1520 6016
1520 6032
1520 6048
1520 6064
1520 6080
1520 6096
1520 6112
1520 6128
