1280 4096 2
1280 4112 2
1280 4128 2
1280 4144 2
1280 4160 2
1280 4176 2
1280 4192 2
1280 4208 2
1280 4224 2
1280 4240 2
1280 4256 2
1280 4272 2
1280 4288 2
1280 4304 2
1280 4320 2
1280 4336 2
1280 4352 2
1280 4368 2
1280 4384 2
1280 4400 2
1280 4416 2
1280 4432 2
1280 4448 2
1280 4464 2
1280 4480 2
1280 4496 2
1280 4512 2
1280 4528 2
1280 4544 2
1280 4560 2
1280 4576 2
1280 4592 2
1280 4608 2
1280 4624 2
1280 4640 2
1280 4656 2
1280 4672 2
1280 4688 2
1280 4704 2
1280 4720 2
1280 4736 2
1280 4752 2
1280 4768 2
1280 4784 2
1280 4800 2
1280 4816 2
1280 4832 2
1280 4848 2
1280 4864 2
1280 4880 2
1280 4896 2
1280 4912 2
1280 4928 2
1280 4944 2
1280 4960 2
1280 4976 2
1280 4992 2
1280 5008 2
1280 5024 2
1280 5040 2
1280 5056 2
1280 5072 2
1280 5088 2
1280 5104 2
1280 5120 2
1280 5136 2
1280 5152 2
1280 5168 2
1280 5184 2
1280 5200 2
1280 5216 2
1280 5232 2
1280 5248 2
1280 5264 2
1280 5280 2
1280 5296 2
1280 5312 2
1280 5328 2
1280 5344 2
1280 5360 2
1280 5376 2
1280 5392 2
1280 5408 2
1280 5424 2
1280 5440 2
1280 5456 2
1280 5472 2
1280 5488 2
1280 5504 2
1280 5520 2
1280 5536 2
1280 5552 2
1280 5568 2
1280 5584 2
1280 5600 2
1280 5616 2
1280 5632 2
1280 5648 2
1280 5664 2
1280 5680 2
1280 5696 2
1280 5712 2
1280 5728 2
1280 5744 2
1280 5760 2
1280 5776 2
1280 5792 2
1280 5808 2
1280 5824 2
1280 5840 2
1280 5856 2
1280 5872 2
1280 5888 2
1280 5904 2
1280 5920 2
1280 5936 2
1280 5952 2
1280 5968 2
1280 5984 2
1280 6000 2
1280 6016 2
1280 6032 2
1280 6048 2
1280 6064 2
1280 6080 2
1280 6096 2
1280 6112 2
1280 6128 2
1312 4880 20
1312 4896 20
1312 4912 20
1312 4928 20
1312 4944 20
1312 4960 20
1312 4976 20
1312 4992 20
1312 5008 20
1312 5024 20
1312 5040 20
1312 5056 20
1312 5072 20
1312 5088 20
1312 5104 20
1312 5120 20
1328 4880 20
1328 4896 20
1328 4912 20
1328 4928 20
1328 4944 20
1328 4960 20
1328 4976 20
1328 4992 20
1328 5008 20
1328 5024 20
1328 5040 20
1328 5056 20
1328 5072 20
1328 5088 20
1328 5104 20
1328 5120 20
1344 4880 20
1344 4896 20
1344 4912 20
1344 4928 20
1344 4944 20
1344 4960 20
1344 4976 20
1344 4992 20
1344 5008 20
1344 5024 20
1344 5040 20
1344 5056 20
1344 5072 20
1344 5088 20
1344 5104 20
1344 5120 20
1360 4880 20
1360 4896 20
1360 4912 20
1360 4928 20
1360 4944 20
1360 4960 20
1360 4976 20
1360 4992 20
1360 5008 20
1360 5024 20
1360 5040 20
1360 5056 20
1360 5072 20
1360 5088 20
1360 5104 20
1360 5120 20
1376 4880 20
1376 4896 20
1376 4912 20
1376 4928 20
1376 4944 20
1376 4960 20
1376 4976 20
1376 4992 20
1376 5008 20
1376 5024 20
1376 5040 20
1376 5056 20
1376 5072 20
1376 5088 20
1376 5104 20
1376 5120 20
1392 4880 20
1392 4896 20
1392 4912 20
1392 4928 20
1392 4944 20
1392 4960 20
1392 4976 20
1392 4992 20
1392 5008 20
1392 5024 20
1392 5040 20
1392 5056 20
1392 5072 20
1392 5088 20
1392 5104 20
1392 5120 20
1408 4880 20
1408 4896 20
1408 4912 20
1408 4928 20
1408 4944 20
1408 4960 20
1408 4976 20
1408 4992 20
1408 5008 20
1408 5024 20
1408 5040 20
1408 5056 20
1408 5072 20
1408 5088 20
1408 5104 20
1408 5120 20
1424 4624 5
1424 4640 5
1424 4656 5
1424 4672 5
1424 4688 5
1424 4704 5
1424 4720 5
1424 4736 5
1424 4752 5
1424 4768 5
1424 4784 5
1424 4800 5
1424 4816 5
1424 4832 5
1424 4848 5
1424 4864 5
1424 4880 20
1424 4896 20
1424 4912 20
1424 4928 20
1424 4944 20
1424 4960 20
1424 4976 20
1424 4992 20
1424 5008 20
1424 5024 20
1424 5040 20
1424 5056 20
1424 5072 20
1424 5088 20
1424 5104 20
1424 5120 20
1424 5904 5
1424 5920 5
1424 5936 5
1424 5952 5
1424 5968 5
1424 5984 5
1424 6000 5
1424 6016 5
1424 6032 5
1424 6048 5
1424 6064 5
1424 6080 5
1424 6096 5
1424 6112 5
1424 6128 5
1440 4624 5
1440 4640 5
1440 4656 5
1440 4672 5
1440 4688 5
1440 4704 5
1440 4720 5
1440 4736 5
1440 4752 5
1440 4768 5
1440 4784 5
1440 4800 5
1440 4816 5
1440 4832 5
1440 4848 5
1440 4864 5
1440 4880 20
1440 4896 20
1440 4912 20
1440 4928 20
1440 4944 20
1440 4960 20
1440 4976 20
1440 4992 20
1440 5008 20
1440 5024 20
1440 5040 20
1440 5056 20
1440 5072 20
1440 5088 20
1440 5104 20
1440 5120 20
1440 5904 5
1440 5920 5
1440 5936 5
1440 5952 5
1440 5968 5
1440 5984 5
1440 6000 5
1440 6016 5
1440 6032 5
1440 6048 5
1440 6064 5
1440 6080 5
1440 6096 5
1440 6112 5
1440 6128 5
1456 4624 5
1456 4640 5
1456 4656 5
1456 4672 5
1456 4688 5
1456 4704 5
1456 4720 5
1456 4736 5
1456 4752 5
1456 4768 5
1456 4784 5
1456 4800 5
1456 4816 5
1456 4832 5
1456 4848 5
1456 4864 5
1456 4880 20
1456 4896 20
1456 4912 20
1456 4928 20
1456 4944 20
1456 4960 20
1456 4976 20
1456 4992 20
1456 5008 20
1456 5024 20
1456 5040 20
1456 5056 20
1456 5072 20
1456 5088 20
1456 5104 20
1456 5120 20
1456 5904 5
1456 5920 5
1456 5936 5
1456 5952 5
1456 5968 5
1456 5984 5
1456 6000 5
1456 6016 5
1456 6032 5
1456 6048 5
1456 6064 5
1456 6080 5
1456 6096 5
1456 6112 5
1456 6128 5
1472 4624 5
1472 4640 5
1472 4656 5
1472 4672 5
1472 4688 5
1472 4704 5
1472 4720 5
1472 4736 5
1472 4752 5
1472 4768 5
1472 4784 5
1472 4800 5
1472 4816 5
1472 4832 5
1472 4848 5
1472 4864 5
1472 4880 20
1472 4896 20
1472 4912 20
1472 4928 20
1472 4944 20
1472 4960 20
1472 4976 20
1472 4992 20
1472 5008 20
1472 5024 20
1472 5040 20
1472 5056 20
1472 5072 20
1472 5088 20
1472 5104 20
1472 5120 20
1472 5904 5
1472 5920 5
1472 5936 5
1472 5952 5
1472 5968 5
1472 5984 5
1472 6000 5
1472 6016 5
1472 6032 5
1472 6048 5
1472 6064 5
1472 6080 5
1472 6096 5
1472 6112 5
1472 6128 5
1488 4624 5
1488 4640 5
1488 4656 5
1488 4672 5
1488 4688 5
1488 4704 5
1488 4720 5
1488 4736 5
1488 4752 5
1488 4768 5
1488 4784 5
1488 4800 5
1488 4816 5
1488 4832 5
1488 4848 5
1488 4864 5
1488 4880 20
1488 4896 20
1488 4912 20
1488 4928 20
1488 4944 20
1488 4960 20
1488 4976 20
1488 4992 20
1488 5008 20
1488 5024 20
1488 5040 20
1488 5056 20
1488 5072 20
1488 5088 20
1488 5104 20
1488 5120 20
1488 5904 5
1488 5920 5
1488 5936 5
1488 5952 5
1488 5968 5
1488 5984 5
1488 6000 5
1488 6016 5
1488 6032 5
1488 6048 5
1488 6064 5
1488 6080 5
1488 6096 5
1488 6112 5
1488 6128 5
1504 4624 5
1504 4640 5
1504 4656 5
1504 4672 5
1504 4688 5
1504 4704 5
1504 4720 5
1504 4736 5
1504 4752 5
1504 4768 5
1504 4784 5
1504 4800 5
1504 4816 5
1504 4832 5
1504 4848 5
1504 4864 5
1504 4880 20
1504 4896 20
1504 4912 20
1504 4928 20
1504 4944 20
1504 4960 20
1504 4976 20
1504 4992 20
1504 5008 20
1504 5024 20
1504 5040 20
1504 5056 20
1504 5072 20
1504 5088 20
1504 5104 20
1504 5120 20
1504 5904 5
1504 5920 5
1504 5936 5
1504 5952 5
1504 5968 5
1504 5984 5
1504 6000 5
1504 6016 5
1504 6032 5
1504 6048 5
1504 6064 5
1504 6080 5
1504 6096 5
1504 6112 5
1504 6128 5
1520 4624 5
1520 4640 5
1520 4656 5
1520 4672 5
1520 4688 5
1520 4704 5
1520 4720 5
1520 4736 5
1520 4752 5
1520 4768 5
1520 4784 5
1520 4800 5
1520 4816 5
1520 4832 5
1520 4848 5
1520 4864 5
1520 4880 20
1520 4896 20
1520 4912 20
1520 4928 20
1520 4944 20
1520 4960 20
1520 4976 20
1520 4992 20
1520 5008 20
1520 5024 20
1520 5040 20
1520 5056 20
1520 5072 20
1520 5088 20
1520 5104 20
1520 5120 20
1520 5904 5
1520 5920 5
1520 5936 5
1520 5952 5
1520 5968 5
1520 5984 5
1520 6000 5
1520 6016 5
1520 6032 5
1520 6048 5
1520 6064 5
1520 6080 5
1520 6096 5
1520 6112 5
1520 6128 5
