1312 4880
1312 4896
1312 4912
1312 4928
1312 4944
1312 4960
1312 4976
1312 4992
1312 5008
1312 5024
1312 5040
1312 5056
1312 5072
1312 5088
1312 5104
1312 5120
1328 4880
1328 4896
1328 4912
1328 4928
1328 4944
1328 4960
1328 4976
1328 4992
1328 5008
1328 5024
1328 5040
1328 5056
1328 5072
1328 5088
1328 5104
1328 5120
1344 4880
1344 4896
1344 4912
1344 4928
1344 4944
1344 4960
1344 4976
1344 4992
1344 5008
1344 5024
1344 5040
1344 5056
1344 5072
1344 5088
1344 5104
1344 5120
1360 4880
1360 4896
1360 4912
1360 4928
1360 4944
1360 4960
1360 4976
1360 4992
1360 5008
1360 5024
1360 5040
1360 5056
1360 5072
1360 5088
1360 5104
1360 5120
1376 4880
1376 4896
1376 4912
1376 4928
1376 4944
1376 4960
1376 4976
1376 4992
1376 5008
1376 5024
1376 5040
1376 5056
1376 5072
1376 5088
1376 5104
1376 5120
1392 4880
1392 4896
1392 4912
1392 4928
1392 4944
1392 4960
1392 4976
1392 4992
1392 5008
1392 5024
1392 5040
1392 5056
1392 5072
1392 5088
1392 5104
1392 5120
1408 4880
1408 4896
1408 4912
1408 4928
1408 4944
1408 4960
1408 4976
1408 4992
1408 5008
1408 5024
1408 5040
1408 5056
1408 5072
1408 5088
1408 5104
1408 5120
1424 4880
1424 4896
1424 4912
1424 4928
1424 4944
1424 4960
1424 4976
1424 4992
1424 5008
1424 5024
1424 5040
1424 5056
1424 5072
1424 5088
1424 5104
1424 5120
1440 4880
1440 4896
1440 4912
1440 4928
1440 4944
1440 4960
1440 4976
1440 4992
1440 5008
1440 5024
1440 5040
1440 5056
1440 5072
1440 5088
1440 5104
1440 5120
1456 4880
1456 4896
1456 4912
1456 4928
1456 4944
1456 4960
1456 4976
1456 4992
1456 5008
1456 5024
1456 5040
1456 5056
1456 5072
1456 5088
1456 5104
1456 5120
1472 4880
1472 4896
1472 4912
1472 4928
1472 4944
1472 4960
1472 4976
1472 4992
1472 5008
1472 5024
1472 5040
1472 5056
1472 5072
1472 5088
1472 5104
1472 5120
1488 4880
1488 4896
1488 4912
1488 4928
1488 4944
1488 4960
1488 4976
1488 4992
1488 5008
1488 5024
1488 5040
1488 5056
1488 5072
1488 5088
1488 5104
1488 5120
1504 4880
1504 4896
1504 4912
1504 4928
1504 4944
1504 4960
1504 4976
1504 4992
1504 5008
1504 5024
1504 5040
1504 5056
1504 5072
1504 5088
1504 5104
1504 5120
1520 4880
1520 4896
1520 4912
1520 4928
1520 4944
1520 4960
1520 4976
1520 4992
1520 5008
1520 5024
1520 5040
1520 5056
1520 5072
1520 5088
1520 5104
1520 5120
